PEPOPLE
PEPOPLE
5,256,182
10,256,330
15,256,683
20,256,806
25,256,1110
30,256,1292
35,256,1340
40,256,1929
45,256,2097
50,256,2738
55,256,3059
60,256,3343
65,256,3687
70,256,3849
75,256,4349
80,256,4618
85,256,5111
90,256,5514
95,256,5798
100,256,6118
105,256,6750
110,256,7003
115,256,7563
120,256,8054
125,256,8385
130,256,8683
135,256,9010
THREAD_NUM
140,256,9536
THREAD_NUM
80,8,5608
80,12,4456
80,16,4243
80,20,4568
80,24,4455
80,28,4489
80,32,4537
80,36,4561
80,40,4469
80,44,4595
80,48,4535
80,52,4478
80,56,4543
80,60,4921
80,64,5361
80,68,5258
80,72,5405
80,76,5223
80,80,5368
80,84,5336
80,88,5346
80,92,5392
80,96,5203
80,100,5430
80,104,5403
80,108,5430
80,112,5386
80,116,5369
80,120,5455
80,124,5541
80,128,5261
