PEPOPLE
PEPOPLE
PEPOPLE
5,256,119
5,256,118
5,256,118
10,256,1
10,256,2
10,256,2
15,256,2
15,256,2
15,256,4
20,256,4
20,256,4
20,256,7
25,256,8
25,256,10
25,256,11
30,256,14
30,256,19
30,256,17
35,256,23
40,256,35
35,256,46
35,256,50
45,256,51
40,256,71
40,256,71
50,256,70
45,256,77
45,256,77
55,256,94
50,256,114
50,256,114
60,256,126
55,256,196
55,256,196
65,256,159
60,256,207
60,256,206
70,256,203
65,256,191
65,256,228
70,256,269
70,256,306
75,256,794
75,256,440
75,256,440
80,256,384
80,256,511
80,256,511
85,256,565
85,256,569
85,256,569
90,256,764
90,256,711
90,256,711
95,256,771
95,256,861
95,256,861
100,256,915
100,256,958
100,256,958
105,256,1125
105,256,1121
105,256,1121
110,256,1278
110,256,1254
110,256,1254
115,256,1461
115,256,1472
115,256,1472
120,256,1613
120,256,1674
120,256,1674
125,256,1581
125,256,1860
125,256,1860
130,256,2088
130,256,2111
130,256,2111
135,256,2117
135,256,2397
135,256,2397
140,256,2781
THREAD_NUM
140,256,2611
THREAD_NUM
140,256,2612
THREAD_NUM
80,8,4106
80,12,1218
80,16,855
80,20,818
80,24,618
80,28,577
80,32,500
80,36,772
80,40,747
80,44,671
80,48,657
80,52,577
80,56,512
80,60,496
80,64,497
80,68,579
80,72,593
80,76,553
80,80,491
80,84,530
80,88,514
80,92,479
80,96,477
80,100,529
80,104,533
80,108,520
80,112,469
80,116,494
80,120,503
80,124,446
80,128,457
