PEPOPLE
PEPOPLE
PEPOPLE
5,256,173
10,256,345
15,256,551
20,256,938
25,256,1373
30,256,1721
35,256,2093
40,256,2573
45,256,2771
50,256,3230
55,256,3554
60,256,3891
65,256,4377
70,256,4782
75,256,5303
80,256,5695
85,256,6118
90,256,6546
95,256,7045
100,256,7487
105,256,7831
110,256,8439
115,256,8874
120,256,9348
125,256,9833
130,256,10358
135,256,10951
THREAD_NUM
140,256,11436
THREAD_NUM
THREAD_NUM
80,8,6642
80,12,4857
80,16,5464
80,20,5539
80,24,5606
80,28,5574
80,32,5564
80,36,5599
80,40,5633
80,44,5630
80,48,5620
80,52,5578
80,56,5578
80,60,5577
80,64,5507
80,68,5592
80,72,5598
80,76,5573
80,80,5579
80,84,5615
80,88,5609
80,92,5610
80,96,5588
80,100,5585
80,104,5531
80,108,5571
80,112,5527
80,116,5547
80,120,5517
80,124,5559
80,128,5582
