PEPOPLE
PEPOPLE
5,256,117
5,256,116
10,256,1
10,256,2
15,256,3
15,256,4
20,256,7
20,256,8
25,256,16
25,256,16
30,256,28
30,256,30
35,256,46
35,256,51
40,256,65
40,256,74
45,256,68
45,256,88
50,256,112
50,256,141
55,256,144
55,256,158
60,256,298
60,256,340
65,256,235
65,256,235
70,256,293
70,256,293
75,256,523
75,256,523
80,256,436
80,256,436
85,256,651
85,256,651
90,256,821
90,256,821
95,256,911
95,256,910
100,256,1025
100,256,1025
105,256,1139
105,256,1139
110,256,1589
110,256,1589
115,256,1820
115,256,1820
120,256,2142
120,256,2142
125,256,2389
125,256,2389
130,256,2663
130,256,2663
135,256,3035
135,256,3035
140,256,3388
THREAD_NUM
140,256,3388
THREAD_NUM
80,8,4623
80,12,1909
80,16,1387
80,20,1148
80,24,1000
80,28,892
80,32,796
80,36,1288
80,40,1161
80,44,1068
80,48,887
80,52,866
80,56,801
80,60,748
80,64,740
80,68,897
80,72,890
80,76,835
80,80,888
80,84,802
80,88,748
80,92,696
80,96,702
80,100,808
80,104,789
80,108,781
80,112,761
80,116,749
80,120,708
80,124,708
80,128,727
