PEPOPLE
5,256,123
10,256,277
15,256,637
20,256,900
25,256,1391
30,256,1691
35,256,2152
40,256,2610
45,256,2768
50,256,3104
55,256,3518
60,256,3990
65,256,4388
70,256,4771
75,256,5263
80,256,5683
85,256,6306
90,256,6835
95,256,7349
100,256,7813
105,256,8407
110,256,8776
115,256,9402
120,256,10434
125,256,10259
130,256,10986
135,256,11785
140,256,12062
THREAD_NUM
80,8,5828
80,12,5288
80,16,5076
80,20,5153
80,24,5161
80,28,5071
80,32,5044
80,36,5318
80,40,5196
80,44,5266
80,48,5144
80,52,5043
80,56,5072
80,60,4939
80,64,4980
80,68,5088
80,72,5116
80,76,5105
80,80,5078
80,84,5187
80,88,5056
80,92,5168
80,96,4933
80,100,5095
80,104,5131
80,108,5166
80,112,5006
80,116,5084
80,120,4891
80,124,5006
80,128,5058
